          46
         181
         586
         801
         446
         381
         186
         601
         846
         581
         786
         401
         246
         781
         386
         201
         646
         981
         986
           1
          46
         181
         586
         801
         446
         381
         186
         601
         846
         581
         786
         401
         246
         781
         386
         201
         646
         981
         986
           1
          46
         181
         586
         801
         446
         381
         186
         601
         846
         581
         786
         401
         246
         781
         386
         201
         646
         981
         986
           1
          46
         181
         586
         801
         446
         381
         186
         601
         846
         581
         786
         401
         246
         781
         386
         201
         646
         981
         986
           1
          46
         181
         586
         801
         446
         381
         186
         601
         846
         581
         786
         401
         246
         781
         386
         201
         646
         981
         986
           1
          46
         181
         586
         801
         446
         381
         186
         601
         846
         581
         786
         401
         246
         781
         386
         201
         646
         981
         986
           1
          46
         181
         586
         801
         446
         381
         186
         601
         846
         581
         786
         401
         246
         781
         386
         201
         646
         981
         986
           1
          46
         181
         586
         801
         446
         381
         186
         601
         846
         581
         786
         401
         246
         781
         386
         201
         646
         981
         986
           1
          46
         181
         586
         801
         446
         381
         186
         601
         846
         581
         786
         401
         246
         781
         386
         201
         646
         981
         986
           1
          46
         181
         586
         801
         446
         381
         186
         601
         846
         581
         786
         401
         246
         781
         386
         201
         646
         981
         986
           1
          46
         181
         586
         801
         446
         381
         186
         601
         846
         581
         786
         401
         246
         781
         386
         201
         646
         981
         986
           1
          46
         181
         586
         801
         446
         381
         186
         601
         846
         581
         786
         401
         246
         781
         386
         201
         646
         981
         986
           1
          46
         181
         586
         801
         446
         381
         186
         601
         846
         581
         786
         401
         246
         781
         386
         201
         646
         981
         986
           1
          46
         181
         586
         801
         446
         381
         186
         601
         846
         581
         786
         401
         246
         781
         386
         201
         646
         981
         986
           1
          46
         181
         586
         801
         446
         381
         186
         601
         846
         581
         786
         401
         246
         781
         386
         201
         646
         981
         986
           1
          46
         181
         586
         801
         446
         381
         186
         601
         846
         581
         786
         401
         246
         781
         386
         201
         646
         981
         986
           1
          46
         181
         586
         801
         446
         381
         186
         601
         846
         581
         786
         401
         246
         781
         386
         201
         646
         981
         986
           1
          46
         181
         586
         801
         446
         381
         186
         601
         846
         581
         786
         401
         246
         781
         386
         201
         646
         981
         986
           1
          46
         181
         586
         801
         446
         381
         186
         601
         846
         581
         786
         401
         246
         781
         386
         201
         646
         981
         986
           1
          46
         181
         586
         801
         446
         381
         186
         601
         846
         581
         786
         401
         246
         781
         386
         201
         646
         981
         986
           1
          46
         181
         586
         801
         446
         381
         186
         601
         846
         581
         786
         401
         246
         781
         386
         201
         646
         981
         986
           1
          46
         181
         586
         801
         446
         381
         186
         601
         846
         581
         786
         401
         246
         781
         386
         201
         646
         981
         986
           1
          46
         181
         586
         801
         446
         381
         186
         601
         846
         581
         786
         401
         246
         781
         386
         201
         646
         981
         986
           1
          46
         181
         586
         801
         446
         381
         186
         601
         846
         581
         786
         401
         246
         781
         386
         201
         646
         981
         986
           1
          46
         181
         586
         801
         446
         381
         186
         601
         846
         581
         786
         401
         246
         781
         386
         201
         646
         981
         986
           1
