           1          59  0.2304688    
           2          36  0.1406250    
           3           5  1.9531250E-02
           4          30  0.1171875    
           5         175  0.6835938    
           6         248  0.9687500    
           7          57  0.2226562    
           8         178  0.6953125    
           9         163  0.6367188    
          10          76  0.2968750    
          11         237  0.9257812    
          12         198  0.7734375    
          13          23  8.9843750E-02
          14          32  0.1250000    
          15          33  0.1289062    
          16          90  0.3515625    
          17          11  4.2968750E-02
          18         116  0.4531250    
          19         213  0.8320312    
          20         110  0.4296875    
          21         127  0.4960938    
          22          72  0.2812500    
          23           9  3.5156250E-02
          24           2  7.8125000E-03
          25         115  0.4492188    
          26         156  0.6093750    
          27         189  0.7382812    
          28          22  8.5937500E-02
          29         231  0.9023438    
          30         112  0.4375000    
          31         241  0.9414062    
          32         170  0.6640625    
          33         219  0.8554688    
          34         196  0.7656250    
          35         165  0.6445312    
          36         190  0.7421875    
          37          79  0.3085938    
          38         152  0.5937500    
          39         217  0.8476562    
          40          82  0.3203125    
          41          67  0.2617188    
          42         236  0.9218750    
          43         141  0.5507812    
          44         102  0.3984375    
          45         183  0.7148438    
          46         192  0.7500000    
          47         193  0.7539062    
          48         250  0.9765625    
          49         171  0.6679688    
          50          20  7.8125000E-02
          51         117  0.4570312    
          52          14  5.4687500E-02
          53          31  0.1210938    
          54         232  0.9062500    
          55         169  0.6601562    
          56         162  0.6328125    
          57          19  7.4218750E-02
          58          60  0.2343750    
          59          93  0.3632812    
          60         182  0.7109375    
          61         135  0.5273438    
          62          16  6.2500000E-02
          63         145  0.5664062    
          64          74  0.2890625    
          65         123  0.4804688    
          66         100  0.3906250    
          67          69  0.2695312    
          68          94  0.3671875    
          69         239  0.9335938    
          70          56  0.2187500    
          71         121  0.4726562    
          72         242  0.9453125    
          73         227  0.8867188    
          74         140  0.5468750    
          75          45  0.1757812    
          76           6  2.3437500E-02
          77          87  0.3398438    
          78          96  0.3750000    
          79          97  0.3789062    
          80         154  0.6015625    
          81          75  0.2929688    
          82         180  0.7031250    
          83          21  8.2031250E-02
          84         174  0.6796875    
          85         191  0.7460938    
          86         136  0.5312500    
          87          73  0.2851562    
          88          66  0.2578125    
          89         179  0.6992188    
          90         220  0.8593750    
          91         253  0.9882812    
          92          86  0.3359375    
          93          39  0.1523438    
          94         176  0.6875000    
          95          49  0.1914062    
          96         234  0.9140625    
          97          27  0.1054688    
          98           4  1.5625000E-02
          99         229  0.8945312    
         100         254  0.9921875    
         101         143  0.5585938    
         102         216  0.8437500    
         103          25  9.7656250E-02
         104         146  0.5703125    
         105         131  0.5117188    
         106          44  0.1718750    
         107         205  0.8007812    
         108         166  0.6484375    
         109         247  0.9648438    
         110           0  0.0000000E+00
         111           1  3.9062500E-03
         112          58  0.2265625    
         113         235  0.9179688    
         114          84  0.3281250    
         115         181  0.7070312    
         116          78  0.3046875    
         117          95  0.3710938    
         118          40  0.1562500    
         119         233  0.9101562    
         120         226  0.8828125    
         121          83  0.3242188    
         122         124  0.4843750    
         123         157  0.6132812    
         124         246  0.9609375    
         125         199  0.7773438    
         126          80  0.3125000    
         127         209  0.8164062    
         128         138  0.5390625    
         129         187  0.7304688    
         130         164  0.6406250    
         131         133  0.5195312    
         132         158  0.6171875    
         133          47  0.1835938    
         134         120  0.4687500    
         135         185  0.7226562    
         136          50  0.1953125    
         137          35  0.1367188    
         138         204  0.7968750    
         139         109  0.4257812    
         140          70  0.2734375    
         141         151  0.5898438    
         142         160  0.6250000    
         143         161  0.6289062    
         144         218  0.8515625    
         145         139  0.5429688    
         146         244  0.9531250    
         147          85  0.3320312    
         148         238  0.9296875    
         149         255  0.9960938    
         150         200  0.7812500    
         151         137  0.5351562    
         152         130  0.5078125    
         153         243  0.9492188    
         154          28  0.1093750    
         155          61  0.2382812    
         156         150  0.5859375    
         157         103  0.4023438    
         158         240  0.9375000    
         159         113  0.4414062    
         160          42  0.1640625    
         161          91  0.3554688    
         162          68  0.2656250    
         163          37  0.1445312    
         164          62  0.2421875    
         165         207  0.8085938    
         166          24  9.3750000E-02
         167          89  0.3476562    
         168         210  0.8203125    
         169         195  0.7617188    
         170         108  0.4218750    
         171          13  5.0781250E-02
         172         230  0.8984375    
         173          55  0.2148438    
         174          64  0.2500000    
         175          65  0.2539062    
         176         122  0.4765625    
         177          43  0.1679688    
         178         148  0.5781250    
         179         245  0.9570312    
         180         142  0.5546875    
         181         159  0.6210938    
         182         104  0.4062500    
         183          41  0.1601562    
         184          34  0.1328125    
         185         147  0.5742188    
         186         188  0.7343750    
         187         221  0.8632812    
         188          54  0.2109375    
         189           7  2.7343750E-02
         190         144  0.5625000    
         191          17  6.6406250E-02
         192         202  0.7890625    
         193         251  0.9804688    
         194         228  0.8906250    
         195         197  0.7695312    
         196         222  0.8671875    
         197         111  0.4335938    
         198         184  0.7187500    
         199         249  0.9726562    
         200         114  0.4453125    
         201          99  0.3867188    
         202          12  4.6875000E-02
         203         173  0.6757812    
         204         134  0.5234375    
         205         215  0.8398438    
         206         224  0.8750000    
         207         225  0.8789062    
         208          26  0.1015625    
         209         203  0.7929688    
         210          52  0.2031250    
         211         149  0.5820312    
         212          46  0.1796875    
         213          63  0.2460938    
         214           8  3.1250000E-02
         215         201  0.7851562    
         216         194  0.7578125    
         217          51  0.1992188    
         218          92  0.3593750    
         219         125  0.4882812    
         220         214  0.8359375    
         221         167  0.6523438    
         222          48  0.1875000    
         223         177  0.6914062    
         224         106  0.4140625    
         225         155  0.6054688    
         226         132  0.5156250    
         227         101  0.3945312    
         228         126  0.4921875    
         229          15  5.8593750E-02
         230          88  0.3437500    
         231         153  0.5976562    
         232          18  7.0312500E-02
         233           3  1.1718750E-02
         234         172  0.6718750    
         235          77  0.3007812    
         236          38  0.1484375    
         237         119  0.4648438    
         238         128  0.5000000    
         239         129  0.5039062    
         240         186  0.7265625    
         241         107  0.4179688    
         242         212  0.8281250    
         243          53  0.2070312    
         244         206  0.8046875    
         245         223  0.8710938    
         246         168  0.6562500    
         247         105  0.4101562    
         248          98  0.3828125    
         249         211  0.8242188    
         250         252  0.9843750    
         251          29  0.1132812    
         252         118  0.4609375    
         253          71  0.2773438    
         254         208  0.8125000    
         255          81  0.3164062    
         256          10  3.9062500E-02
         257          59  0.2304688    
         258          36  0.1406250    
         259           5  1.9531250E-02
         260          30  0.1171875    
         261         175  0.6835938    
         262         248  0.9687500    
         263          57  0.2226562    
         264         178  0.6953125    
         265         163  0.6367188    
         266          76  0.2968750    
         267         237  0.9257812    
         268         198  0.7734375    
         269          23  8.9843750E-02
         270          32  0.1250000    
         271          33  0.1289062    
         272          90  0.3515625    
         273          11  4.2968750E-02
         274         116  0.4531250    
         275         213  0.8320312    
         276         110  0.4296875    
         277         127  0.4960938    
         278          72  0.2812500    
         279           9  3.5156250E-02
         280           2  7.8125000E-03
         281         115  0.4492188    
         282         156  0.6093750    
         283         189  0.7382812    
         284          22  8.5937500E-02
         285         231  0.9023438    
         286         112  0.4375000    
         287         241  0.9414062    
         288         170  0.6640625    
         289         219  0.8554688    
         290         196  0.7656250    
         291         165  0.6445312    
         292         190  0.7421875    
         293          79  0.3085938    
         294         152  0.5937500    
         295         217  0.8476562    
         296          82  0.3203125    
         297          67  0.2617188    
         298         236  0.9218750    
         299         141  0.5507812    
         300         102  0.3984375    
         301         183  0.7148438    
         302         192  0.7500000    
         303         193  0.7539062    
         304         250  0.9765625    
         305         171  0.6679688    
         306          20  7.8125000E-02
         307         117  0.4570312    
         308          14  5.4687500E-02
         309          31  0.1210938    
         310         232  0.9062500    
         311         169  0.6601562    
         312         162  0.6328125    
         313          19  7.4218750E-02
         314          60  0.2343750    
         315          93  0.3632812    
         316         182  0.7109375    
         317         135  0.5273438    
         318          16  6.2500000E-02
         319         145  0.5664062    
         320          74  0.2890625    
         321         123  0.4804688    
         322         100  0.3906250    
         323          69  0.2695312    
         324          94  0.3671875    
         325         239  0.9335938    
         326          56  0.2187500    
         327         121  0.4726562    
         328         242  0.9453125    
         329         227  0.8867188    
         330         140  0.5468750    
         331          45  0.1757812    
         332           6  2.3437500E-02
         333          87  0.3398438    
         334          96  0.3750000    
         335          97  0.3789062    
         336         154  0.6015625    
         337          75  0.2929688    
         338         180  0.7031250    
         339          21  8.2031250E-02
         340         174  0.6796875    
         341         191  0.7460938    
         342         136  0.5312500    
         343          73  0.2851562    
         344          66  0.2578125    
         345         179  0.6992188    
         346         220  0.8593750    
         347         253  0.9882812    
         348          86  0.3359375    
         349          39  0.1523438    
         350         176  0.6875000    
         351          49  0.1914062    
         352         234  0.9140625    
         353          27  0.1054688    
         354           4  1.5625000E-02
         355         229  0.8945312    
         356         254  0.9921875    
         357         143  0.5585938    
         358         216  0.8437500    
         359          25  9.7656250E-02
         360         146  0.5703125    
         361         131  0.5117188    
         362          44  0.1718750    
         363         205  0.8007812    
         364         166  0.6484375    
         365         247  0.9648438    
         366           0  0.0000000E+00
         367           1  3.9062500E-03
         368          58  0.2265625    
         369         235  0.9179688    
         370          84  0.3281250    
         371         181  0.7070312    
         372          78  0.3046875    
         373          95  0.3710938    
         374          40  0.1562500    
         375         233  0.9101562    
         376         226  0.8828125    
         377          83  0.3242188    
         378         124  0.4843750    
         379         157  0.6132812    
         380         246  0.9609375    
         381         199  0.7773438    
         382          80  0.3125000    
         383         209  0.8164062    
         384         138  0.5390625    
         385         187  0.7304688    
         386         164  0.6406250    
         387         133  0.5195312    
         388         158  0.6171875    
         389          47  0.1835938    
         390         120  0.4687500    
         391         185  0.7226562    
         392          50  0.1953125    
         393          35  0.1367188    
         394         204  0.7968750    
         395         109  0.4257812    
         396          70  0.2734375    
         397         151  0.5898438    
         398         160  0.6250000    
         399         161  0.6289062    
         400         218  0.8515625    
         401         139  0.5429688    
         402         244  0.9531250    
         403          85  0.3320312    
         404         238  0.9296875    
         405         255  0.9960938    
         406         200  0.7812500    
         407         137  0.5351562    
         408         130  0.5078125    
         409         243  0.9492188    
         410          28  0.1093750    
         411          61  0.2382812    
         412         150  0.5859375    
         413         103  0.4023438    
         414         240  0.9375000    
         415         113  0.4414062    
         416          42  0.1640625    
         417          91  0.3554688    
         418          68  0.2656250    
         419          37  0.1445312    
         420          62  0.2421875    
         421         207  0.8085938    
         422          24  9.3750000E-02
         423          89  0.3476562    
         424         210  0.8203125    
         425         195  0.7617188    
         426         108  0.4218750    
         427          13  5.0781250E-02
         428         230  0.8984375    
         429          55  0.2148438    
         430          64  0.2500000    
         431          65  0.2539062    
         432         122  0.4765625    
         433          43  0.1679688    
         434         148  0.5781250    
         435         245  0.9570312    
         436         142  0.5546875    
         437         159  0.6210938    
         438         104  0.4062500    
         439          41  0.1601562    
         440          34  0.1328125    
         441         147  0.5742188    
         442         188  0.7343750    
         443         221  0.8632812    
         444          54  0.2109375    
         445           7  2.7343750E-02
         446         144  0.5625000    
         447          17  6.6406250E-02
         448         202  0.7890625    
         449         251  0.9804688    
         450         228  0.8906250    
         451         197  0.7695312    
         452         222  0.8671875    
         453         111  0.4335938    
         454         184  0.7187500    
         455         249  0.9726562    
         456         114  0.4453125    
         457          99  0.3867188    
         458          12  4.6875000E-02
         459         173  0.6757812    
         460         134  0.5234375    
         461         215  0.8398438    
         462         224  0.8750000    
         463         225  0.8789062    
         464          26  0.1015625    
         465         203  0.7929688    
         466          52  0.2031250    
         467         149  0.5820312    
         468          46  0.1796875    
         469          63  0.2460938    
         470           8  3.1250000E-02
         471         201  0.7851562    
         472         194  0.7578125    
         473          51  0.1992188    
         474          92  0.3593750    
         475         125  0.4882812    
         476         214  0.8359375    
         477         167  0.6523438    
         478          48  0.1875000    
         479         177  0.6914062    
         480         106  0.4140625    
         481         155  0.6054688    
         482         132  0.5156250    
         483         101  0.3945312    
         484         126  0.4921875    
         485          15  5.8593750E-02
         486          88  0.3437500    
         487         153  0.5976562    
         488          18  7.0312500E-02
         489           3  1.1718750E-02
         490         172  0.6718750    
         491          77  0.3007812    
         492          38  0.1484375    
         493         119  0.4648438    
         494         128  0.5000000    
         495         129  0.5039062    
         496         186  0.7265625    
         497         107  0.4179688    
         498         212  0.8281250    
         499          53  0.2070312    
         500         206  0.8046875    
         501         223  0.8710938    
         502         168  0.6562500    
         503         105  0.4101562    
         504          98  0.3828125    
         505         211  0.8242188    
         506         252  0.9843750    
         507          29  0.1132812    
         508         118  0.4609375    
         509          71  0.2773438    
         510         208  0.8125000    
         511          81  0.3164062    
         512          10  3.9062500E-02
         513          59  0.2304688    
         514          36  0.1406250    
         515           5  1.9531250E-02
         516          30  0.1171875    
         517         175  0.6835938    
         518         248  0.9687500    
         519          57  0.2226562    
         520         178  0.6953125    
         521         163  0.6367188    
         522          76  0.2968750    
         523         237  0.9257812    
         524         198  0.7734375    
         525          23  8.9843750E-02
         526          32  0.1250000    
         527          33  0.1289062    
         528          90  0.3515625    
         529          11  4.2968750E-02
         530         116  0.4531250    
         531         213  0.8320312    
         532         110  0.4296875    
         533         127  0.4960938    
         534          72  0.2812500    
         535           9  3.5156250E-02
         536           2  7.8125000E-03
         537         115  0.4492188    
         538         156  0.6093750    
         539         189  0.7382812    
         540          22  8.5937500E-02
         541         231  0.9023438    
         542         112  0.4375000    
         543         241  0.9414062    
         544         170  0.6640625    
         545         219  0.8554688    
         546         196  0.7656250    
         547         165  0.6445312    
         548         190  0.7421875    
         549          79  0.3085938    
         550         152  0.5937500    
         551         217  0.8476562    
         552          82  0.3203125    
         553          67  0.2617188    
         554         236  0.9218750    
         555         141  0.5507812    
         556         102  0.3984375    
         557         183  0.7148438    
         558         192  0.7500000    
         559         193  0.7539062    
         560         250  0.9765625    
         561         171  0.6679688    
         562          20  7.8125000E-02
         563         117  0.4570312    
         564          14  5.4687500E-02
         565          31  0.1210938    
         566         232  0.9062500    
         567         169  0.6601562    
         568         162  0.6328125    
         569          19  7.4218750E-02
         570          60  0.2343750    
         571          93  0.3632812    
         572         182  0.7109375    
         573         135  0.5273438    
         574          16  6.2500000E-02
         575         145  0.5664062    
         576          74  0.2890625    
         577         123  0.4804688    
         578         100  0.3906250    
         579          69  0.2695312    
         580          94  0.3671875    
         581         239  0.9335938    
         582          56  0.2187500    
         583         121  0.4726562    
         584         242  0.9453125    
         585         227  0.8867188    
         586         140  0.5468750    
         587          45  0.1757812    
         588           6  2.3437500E-02
         589          87  0.3398438    
         590          96  0.3750000    
         591          97  0.3789062    
         592         154  0.6015625    
         593          75  0.2929688    
         594         180  0.7031250    
         595          21  8.2031250E-02
         596         174  0.6796875    
         597         191  0.7460938    
         598         136  0.5312500    
         599          73  0.2851562    
         600          66  0.2578125    
         601         179  0.6992188    
         602         220  0.8593750    
         603         253  0.9882812    
         604          86  0.3359375    
         605          39  0.1523438    
         606         176  0.6875000    
         607          49  0.1914062    
         608         234  0.9140625    
         609          27  0.1054688    
         610           4  1.5625000E-02
         611         229  0.8945312    
         612         254  0.9921875    
         613         143  0.5585938    
         614         216  0.8437500    
         615          25  9.7656250E-02
         616         146  0.5703125    
         617         131  0.5117188    
         618          44  0.1718750    
         619         205  0.8007812    
         620         166  0.6484375    
         621         247  0.9648438    
         622           0  0.0000000E+00
         623           1  3.9062500E-03
         624          58  0.2265625    
         625         235  0.9179688    
         626          84  0.3281250    
         627         181  0.7070312    
         628          78  0.3046875    
         629          95  0.3710938    
         630          40  0.1562500    
         631         233  0.9101562    
         632         226  0.8828125    
         633          83  0.3242188    
         634         124  0.4843750    
         635         157  0.6132812    
         636         246  0.9609375    
         637         199  0.7773438    
         638          80  0.3125000    
         639         209  0.8164062    
         640         138  0.5390625    
         641         187  0.7304688    
         642         164  0.6406250    
         643         133  0.5195312    
         644         158  0.6171875    
         645          47  0.1835938    
         646         120  0.4687500    
         647         185  0.7226562    
         648          50  0.1953125    
         649          35  0.1367188    
         650         204  0.7968750    
         651         109  0.4257812    
         652          70  0.2734375    
         653         151  0.5898438    
         654         160  0.6250000    
         655         161  0.6289062    
         656         218  0.8515625    
         657         139  0.5429688    
         658         244  0.9531250    
         659          85  0.3320312    
         660         238  0.9296875    
         661         255  0.9960938    
         662         200  0.7812500    
         663         137  0.5351562    
         664         130  0.5078125    
         665         243  0.9492188    
         666          28  0.1093750    
         667          61  0.2382812    
         668         150  0.5859375    
         669         103  0.4023438    
         670         240  0.9375000    
         671         113  0.4414062    
         672          42  0.1640625    
         673          91  0.3554688    
         674          68  0.2656250    
         675          37  0.1445312    
         676          62  0.2421875    
         677         207  0.8085938    
         678          24  9.3750000E-02
         679          89  0.3476562    
         680         210  0.8203125    
         681         195  0.7617188    
         682         108  0.4218750    
         683          13  5.0781250E-02
         684         230  0.8984375    
         685          55  0.2148438    
         686          64  0.2500000    
         687          65  0.2539062    
         688         122  0.4765625    
         689          43  0.1679688    
         690         148  0.5781250    
         691         245  0.9570312    
         692         142  0.5546875    
         693         159  0.6210938    
         694         104  0.4062500    
         695          41  0.1601562    
         696          34  0.1328125    
         697         147  0.5742188    
         698         188  0.7343750    
         699         221  0.8632812    
         700          54  0.2109375    
         701           7  2.7343750E-02
         702         144  0.5625000    
         703          17  6.6406250E-02
         704         202  0.7890625    
         705         251  0.9804688    
         706         228  0.8906250    
         707         197  0.7695312    
         708         222  0.8671875    
         709         111  0.4335938    
         710         184  0.7187500    
         711         249  0.9726562    
         712         114  0.4453125    
         713          99  0.3867188    
         714          12  4.6875000E-02
         715         173  0.6757812    
         716         134  0.5234375    
         717         215  0.8398438    
         718         224  0.8750000    
         719         225  0.8789062    
         720          26  0.1015625    
         721         203  0.7929688    
         722          52  0.2031250    
         723         149  0.5820312    
         724          46  0.1796875    
         725          63  0.2460938    
         726           8  3.1250000E-02
         727         201  0.7851562    
         728         194  0.7578125    
         729          51  0.1992188    
         730          92  0.3593750    
         731         125  0.4882812    
         732         214  0.8359375    
         733         167  0.6523438    
         734          48  0.1875000    
         735         177  0.6914062    
         736         106  0.4140625    
         737         155  0.6054688    
         738         132  0.5156250    
         739         101  0.3945312    
         740         126  0.4921875    
         741          15  5.8593750E-02
         742          88  0.3437500    
         743         153  0.5976562    
         744          18  7.0312500E-02
         745           3  1.1718750E-02
         746         172  0.6718750    
         747          77  0.3007812    
         748          38  0.1484375    
         749         119  0.4648438    
         750         128  0.5000000    
         751         129  0.5039062    
         752         186  0.7265625    
         753         107  0.4179688    
         754         212  0.8281250    
         755          53  0.2070312    
         756         206  0.8046875    
         757         223  0.8710938    
         758         168  0.6562500    
         759         105  0.4101562    
         760          98  0.3828125    
         761         211  0.8242188    
         762         252  0.9843750    
         763          29  0.1132812    
         764         118  0.4609375    
         765          71  0.2773438    
         766         208  0.8125000    
         767          81  0.3164062    
         768          10  3.9062500E-02
         769          59  0.2304688    
         770          36  0.1406250    
         771           5  1.9531250E-02
         772          30  0.1171875    
         773         175  0.6835938    
         774         248  0.9687500    
         775          57  0.2226562    
         776         178  0.6953125    
         777         163  0.6367188    
         778          76  0.2968750    
         779         237  0.9257812    
         780         198  0.7734375    
         781          23  8.9843750E-02
         782          32  0.1250000    
         783          33  0.1289062    
         784          90  0.3515625    
         785          11  4.2968750E-02
         786         116  0.4531250    
         787         213  0.8320312    
         788         110  0.4296875    
         789         127  0.4960938    
         790          72  0.2812500    
         791           9  3.5156250E-02
         792           2  7.8125000E-03
         793         115  0.4492188    
         794         156  0.6093750    
         795         189  0.7382812    
         796          22  8.5937500E-02
         797         231  0.9023438    
         798         112  0.4375000    
         799         241  0.9414062    
         800         170  0.6640625    
         801         219  0.8554688    
         802         196  0.7656250    
         803         165  0.6445312    
         804         190  0.7421875    
         805          79  0.3085938    
         806         152  0.5937500    
         807         217  0.8476562    
         808          82  0.3203125    
         809          67  0.2617188    
         810         236  0.9218750    
         811         141  0.5507812    
         812         102  0.3984375    
         813         183  0.7148438    
         814         192  0.7500000    
         815         193  0.7539062    
         816         250  0.9765625    
         817         171  0.6679688    
         818          20  7.8125000E-02
         819         117  0.4570312    
         820          14  5.4687500E-02
         821          31  0.1210938    
         822         232  0.9062500    
         823         169  0.6601562    
         824         162  0.6328125    
         825          19  7.4218750E-02
         826          60  0.2343750    
         827          93  0.3632812    
         828         182  0.7109375    
         829         135  0.5273438    
         830          16  6.2500000E-02
         831         145  0.5664062    
         832          74  0.2890625    
         833         123  0.4804688    
         834         100  0.3906250    
         835          69  0.2695312    
         836          94  0.3671875    
         837         239  0.9335938    
         838          56  0.2187500    
         839         121  0.4726562    
         840         242  0.9453125    
         841         227  0.8867188    
         842         140  0.5468750    
         843          45  0.1757812    
         844           6  2.3437500E-02
         845          87  0.3398438    
         846          96  0.3750000    
         847          97  0.3789062    
         848         154  0.6015625    
         849          75  0.2929688    
         850         180  0.7031250    
         851          21  8.2031250E-02
         852         174  0.6796875    
         853         191  0.7460938    
         854         136  0.5312500    
         855          73  0.2851562    
         856          66  0.2578125    
         857         179  0.6992188    
         858         220  0.8593750    
         859         253  0.9882812    
         860          86  0.3359375    
         861          39  0.1523438    
         862         176  0.6875000    
         863          49  0.1914062    
         864         234  0.9140625    
         865          27  0.1054688    
         866           4  1.5625000E-02
         867         229  0.8945312    
         868         254  0.9921875    
         869         143  0.5585938    
         870         216  0.8437500    
         871          25  9.7656250E-02
         872         146  0.5703125    
         873         131  0.5117188    
         874          44  0.1718750    
         875         205  0.8007812    
         876         166  0.6484375    
         877         247  0.9648438    
         878           0  0.0000000E+00
         879           1  3.9062500E-03
         880          58  0.2265625    
         881         235  0.9179688    
         882          84  0.3281250    
         883         181  0.7070312    
         884          78  0.3046875    
         885          95  0.3710938    
         886          40  0.1562500    
         887         233  0.9101562    
         888         226  0.8828125    
         889          83  0.3242188    
         890         124  0.4843750    
         891         157  0.6132812    
         892         246  0.9609375    
         893         199  0.7773438    
         894          80  0.3125000    
         895         209  0.8164062    
         896         138  0.5390625    
         897         187  0.7304688    
         898         164  0.6406250    
         899         133  0.5195312    
         900         158  0.6171875    
         901          47  0.1835938    
         902         120  0.4687500    
         903         185  0.7226562    
         904          50  0.1953125    
         905          35  0.1367188    
         906         204  0.7968750    
         907         109  0.4257812    
         908          70  0.2734375    
         909         151  0.5898438    
         910         160  0.6250000    
         911         161  0.6289062    
         912         218  0.8515625    
         913         139  0.5429688    
         914         244  0.9531250    
         915          85  0.3320312    
         916         238  0.9296875    
         917         255  0.9960938    
         918         200  0.7812500    
         919         137  0.5351562    
         920         130  0.5078125    
         921         243  0.9492188    
         922          28  0.1093750    
         923          61  0.2382812    
         924         150  0.5859375    
         925         103  0.4023438    
         926         240  0.9375000    
         927         113  0.4414062    
         928          42  0.1640625    
         929          91  0.3554688    
         930          68  0.2656250    
         931          37  0.1445312    
         932          62  0.2421875    
         933         207  0.8085938    
         934          24  9.3750000E-02
         935          89  0.3476562    
         936         210  0.8203125    
         937         195  0.7617188    
         938         108  0.4218750    
         939          13  5.0781250E-02
         940         230  0.8984375    
         941          55  0.2148438    
         942          64  0.2500000    
         943          65  0.2539062    
         944         122  0.4765625    
         945          43  0.1679688    
         946         148  0.5781250    
         947         245  0.9570312    
         948         142  0.5546875    
         949         159  0.6210938    
         950         104  0.4062500    
         951          41  0.1601562    
         952          34  0.1328125    
         953         147  0.5742188    
         954         188  0.7343750    
         955         221  0.8632812    
         956          54  0.2109375    
         957           7  2.7343750E-02
         958         144  0.5625000    
         959          17  6.6406250E-02
         960         202  0.7890625    
         961         251  0.9804688    
         962         228  0.8906250    
         963         197  0.7695312    
         964         222  0.8671875    
         965         111  0.4335938    
         966         184  0.7187500    
         967         249  0.9726562    
         968         114  0.4453125    
         969          99  0.3867188    
         970          12  4.6875000E-02
         971         173  0.6757812    
         972         134  0.5234375    
         973         215  0.8398438    
         974         224  0.8750000    
         975         225  0.8789062    
         976          26  0.1015625    
         977         203  0.7929688    
         978          52  0.2031250    
         979         149  0.5820312    
         980          46  0.1796875    
         981          63  0.2460938    
         982           8  3.1250000E-02
         983         201  0.7851562    
         984         194  0.7578125    
         985          51  0.1992188    
         986          92  0.3593750    
         987         125  0.4882812    
         988         214  0.8359375    
         989         167  0.6523438    
         990          48  0.1875000    
         991         177  0.6914062    
         992         106  0.4140625    
         993         155  0.6054688    
         994         132  0.5156250    
         995         101  0.3945312    
         996         126  0.4921875    
         997          15  5.8593750E-02
         998          88  0.3437500    
         999         153  0.5976562    
        1000          18  7.0312500E-02
